4.374149375 1.6774848333333323 -20.23562967736274
4.37532 1.7086953333333323 -20.053140448751115
4.378470625 1.7394738333333324 -19.779153858408023
4.38356 1.7698293333333324 -19.41860502609767
4.390546875 1.7997708333333324 -18.979491023207338
4.39939 1.8293073333333325 -18.47216785511985
4.410048125 1.8584478333333325 -17.908480083179573
4.42248 1.8872013333333326 -17.30086316937361
4.436644375 1.9155768333333325 -16.661539616771808
4.4525 1.9435833333333326 -16.001888483293882
4.470005625 1.9712298333333327 -15.332020482698441
4.48912 1.9985253333333326 -14.660551110910912
4.509801875 2.0254788333333327 -13.99453874636483
4.53201 2.0520993333333326 -13.339543802323297
4.555703125 2.0783958333333326 -12.699765264803506
4.58084 2.104377333333333 -12.07821770901548
4.607379375 2.130052833333333 -11.47692116194755
4.63528 2.155431333333333 -10.897085308275804
4.6645006250000005 2.1805218333333327 -10.339277152037704
4.695 2.205333333333333 -9.803566914817102
4.726736875 2.229874833333333 -9.28965078281389
4.75967 2.2541553333333333 -8.796951459549007
4.793758125 2.2781838333333333 -8.324698738192707
4.82896 2.301969333333333 -7.871992833608607
4.865234375 2.325520833333333 -7.437853287058917
4.90254 2.348847333333333 -7.021256074640005
4.940835625 2.371957833333333 -6.6211612459674445
4.98008 2.394861333333333 -6.236533074473384
5.020231875 2.4175668333333333 -5.866354362100557
5.06125 2.4400833333333334 -5.509636233446002
5.103093125000001 2.4624198333333336 -5.165424487583685
5.145720000000001 2.4845853333333334 -4.832803351668873
5.189089375000001 2.5065888333333337 -4.510897296375502
5.233160000000001 2.5284393333333335 -4.198871424586292
5.277890625 2.5501458333333336 -3.895930826252863
5.323240000000001 2.571717333333334 -3.601319198804841
5.369166875 2.5931628333333334 -3.3143169592462294
5.415630000000001 2.6144913333333335 -3.0342390171100395
5.462588125000001 2.6357118333333336 -2.7604323333825143
5.510000000000001 2.656833333333334 -2.492273356600911
5.557824375000001 2.677864833333334 -2.229165401353138
5.606020000000001 2.698815333333334 -1.970536014594051
5.654545625000001 2.719693833333334 -1.7158343601452946
5.703360000000001 2.7405093333333337 -1.4645286403679125
5.752421875000001 2.7612708333333336 -1.216103565436448
5.801690000000001 2.781987333333334 -0.9700578742383986
5.851123125000001 2.802667833333334 -0.7259019061643774
5.900680000000001 2.8233213333333342 -0.4831552195519159
5.950319375000001 2.8439568333333343 -0.24134425000387597
6.000000000000001 2.864583333333334 2.4454649262911996e-15
6.049680625000001 2.885209833333334 0.24134425000388166
6.0993200000000005 2.905845333333334 0.4831552195519217
6.148876875000001 2.926498833333334 0.7259019061643831
6.198310000000001 2.947179333333334 0.970057874238403
6.247578125 2.9678958333333343 1.2161035654364543
6.296640000000002 2.988657333333334 1.4645286403679187
6.345454375000001 3.0094728333333345 1.7158343601453
6.393980000000001 3.030351333333334 1.9705360145940578
6.442175625000001 3.0513018333333344 2.2291654013531446
6.490000000000002 3.0723333333333342 2.4922733566009168
6.537411875000002 3.0934548333333343 2.760432333382519
6.584370000000002 3.1146753333333344 3.0342390171100466
6.630833125000001 3.1360038333333344 3.314316959246237
6.676760000000002 3.157449333333334 3.6013191988048487
6.722109375000001 3.1790208333333343 3.895930826252871
6.766840000000002 3.2007273333333344 4.198871424586301
6.810910625000002 3.222577833333334 4.510897296375511
6.854280000000002 3.2445813333333344 4.832803351668883
6.896906875000001 3.2667468333333343 5.165424487583693
6.938750000000002 3.2890833333333345 5.5096362334460105
6.979768125000001 3.3115998333333345 5.866354362100567
7.019920000000002 3.3343053333333343 6.236533074473395
7.059164375000002 3.3572088333333348 6.621161245967456
7.0974600000000025 3.380319333333335 7.021256074640017
7.134765625000002 3.403645833333335 7.437853287058929
7.171040000000001 3.4271973333333348 7.871992833608624
7.206241875000002 3.4509828333333346 8.324698738192723
7.240330000000002 3.475011333333335 8.796951459549023
7.2732631250000015 3.499291833333335 9.289650782813906
7.305000000000002 3.523833333333335 9.803566914817123
7.335499375000001 3.548644833333335 10.339277152037724
7.364720000000001 3.573735333333335 10.897085308275823
7.392620625000001 3.599113833333335 11.476921161947569
7.4191600000000015 3.624789333333335 12.078217709015506
7.444296875000001 3.6507708333333353 12.69976526480353
7.467990000000001 3.6770673333333352 13.33954380232332
7.490198125000001 3.7036878333333356 13.994538746364857
7.510880000000001 3.7306413333333355 14.660551110910944
7.529994375 3.7579368333333356 15.332020482698471
7.547500000000001 3.785583333333335 16.001888483293918
7.563355625000002 3.8135898333333356 16.661539616771837
7.577520000000001 3.8419653333333357 17.300863169373645
7.589951875000001 3.8707188333333358 17.908480083179604
7.60061 3.899859333333336 18.472167855119885
7.609453125 3.929395833333335 18.979491023207373
7.616439999999999 3.9593373333333357 19.418605026097687
7.621529375 3.9896928333333355 19.77915385840804
7.62468 4.020471333333337 20.053140448751126
7.625850625000001 4.051681833333336 20.23562967736275
7.625000000000001 4.083333333333336 20.325159847952676
